797
0 70 85 102 129 291 316 380 413 483 514 532 660 699 718 
0 30 45 65 109 133 148 233 339 365 395 422 483 503 595 
30 65 87 129 177 197 237 256 279 296 379 580 609 652 674 
21 219 259 278 331 400 430 462 484 529 553 593 633 646 719 
0 32 52 80 113 129 147 254 325 375 490 514 611 647 674 
28 84 103 164 222 256 299 339 380 403 496 529 593 634 647 
52 139 169 249 296 308 335 374 427 514 553 609 680 709 726 
0 27 190 234 277 298 343 357 396 514 547 622 647 684 726 
0 32 61 112 147 187 208 238 289 316 374 476 565 594 709 
154 197 227 271 335 361 458 482 519 549 580 627 683 711 764 
0 45 87 133 197 222 235 249 298 325 350 402 459 554 593 
87 109 187 215 369 401 422 442 461 490 597 615 646 662 680 
0 82 197 235 249 286 323 361 406 436 461 511 547 577 718 
0 80 124 308 335 395 432 459 554 593 626 662 699 737 770 
0 21 82 116 154 262 278 365 379 486 519 553 615 627 759 
41 55 161 208 225 428 461 529 574 597 633 662 684 731 764 
45 114 129 256 296 335 366 401 448 484 496 578 609 737 764 
65 87 109 157 215 227 245 268 396 427 522 557 631 692 705 
27 45 75 249 271 416 442 482 499 541 554 594 666 705 743 
54 171 210 245 266 349 380 493 538 554 597 623 652 711 734 
