2370 2816 3494 0.19800
1873 2782 3494 2.54800
1873 2754 3494 8.12100
1850 2722 3494 10.8700
1850 2686 3494 16.4500
1850 2666 3494 18.7800
1850 2645 3494 21.8900
1823 2618 3494 25.8100
1823 2595 3494 28.0300
1823 2573 3494 32.5600
1823 2521 3285 3600
1823 2502 3285 38.9200
1823 2480 3285 41.7300
1823 2447 3285 46.3700
1823 2431 3285 49.5400
1823 2406 3285 55.3400
1823 2379 3285 58.7400
1823 2352 3285 63.2200
1823 2315 3285 68.3400
1823 2281 3285 72.6900
1823 2241 3285 75.4600
1823 2212 3285 79.0200
1755 2187 3285 83.2600
1755 2153 3285 86.9200
1755 2118 3285 90.1900
1755 2082 3285 92.0300
1755 2050 3285 95.4400
1755 2019 3285 99.7800
1755 1977 2839 102.100
1755 1955 2823 103.900
1755 1923 2178 106.800
1736 2056 2340 111.400
1736 2053 2414 112.200
1736 2062 2411 114.700
1736 2052 2379 118.800
1736 2021 2274 122.500
