2526 2816 3313 0.19900
1995 2793 3313 2.11900
1947 2771 3313 4.7500
1947 2743 3313 7.05600
1826 2720 3313 9.53400
1826 2694 3313 10.7600
1826 2673 3313 12.5400
1826 2633 3313 15.0700
1826 2604 3313 16.7700
1826 2573 3313 18.1600
1826 2550 3313 20.600
1826 2516 3313 24.7500
1826 2497 3313 25.7100
1826 2464 3313 28.8900
1826 2431 3313 32.8700
1822 2406 3313 36.1100
1822 2383 3313 37.4300
1822 2363 3313 38.5700
1822 2325 3313 41.3200
1822 2303 3313 42.6300
1822 2280 3313 44.6400
1822 2247 3313 48.8500
1822 2232 3313 49.7300
1822 2206 3313 52.8700
1822 2177 3313 56.6700
1822 2137 3313 58.9400
1822 2102 3313 61.6700
1822 2077 3313 63.5900
1822 2063 3313 64.800
1803 2013 2757 70.2800
1803 1985 2212 73.1200
1803 2117 2425 73.9300
1803 2116 2354 75.5100
1803 2115 2503 76.2200
1803 2098 2423 77.1600
1803 2092 2332 80.0500
1803 2073 2332 81.5300
1803 2080 2446 82.4400
1710 2094 2546 85.5300
1710 2035 2332 88.6100
1710 2019 2332 89.1900
1710 1967 2299 90.1400
1710 1928 2266 91.3900
1710 1923 2194 93.2300
1710 1915 2375 94.5800
1710 1850 2089 96.8700
1710 1853 2184 98.4800
1710 1885 2244 99.0600
1710 1851 2199 99.6300
1710 1842 2083 100.800
1710 1854 2227 101.500
1680 1809 2099 102.900
1680 1820 2385 103.700
1680 1799 2191 104.600
1680 1806 2229 105.700
1680 1770 2013 107.400
1680 1745 1940 109.400
1675 1766 2060 111.200
1661 1785 2228 111.800
1661 1762 2130 113.200
1661 1770 2130 114.200
1661 1733 2106 115.500
1661 1743 2070 116.100
1661 1754 2220 116.600
1645 1751 2317 117.700
1645 1729 2021 118.500
1645 1732 2115 119.400
1645 1728 2038 121.500
