2411 2839 3247 0.19900
2020 2807 3247 3.95700
1846 2782 3247 8.49600
1831 2748 3247 14.1800
1831 2715 3247 17.600
1831 2690 3247 20.9800
1831 2662 3247 25.3500
1831 2631 3247 29.9900
1824 2587 3247 35.4100
1739 2550 3247 39.9800
1739 2523 3247 42.8600
1739 2494 3247 48.8300
1729 2448 3247 57.2800
1729 2421 3247 63.200
1729 2391 3247 69.4700
1729 2351 3092 72.5700
1729 2332 3092 77.1100
1729 2294 3092 81.1100
1729 2264 3092 85.0100
1729 2225 3092 92.5300
1729 2199 3092 99.200
1729 2174 3092 101.900
1729 2152 3092 105.900
1729 2114 3003 113.300
1729 2082 3003 115.500
1729 2045 3003 121.700
1729 2017 2977 124.100
1729 1980 2977 131.200
1729 1954 2977 135.300
1729 1921 2977 142.800
1729 1881 2137 148.600
