2475 2801 3276 0.200
1800 2769 3276 7.58300
1800 2751 3276 10.9100
1800 2727 3276 19.5700
1800 2687 3276 26.4900
1800 2663 3276 31.8800
1800 2632 3276 37.6700
1800 2608 3276 45.4900
1740 2570 3276 53.0200
1740 2535 3276 62.1300
1740 2499 3276 71.2200
1740 2465 3276 79.5100
1740 2436 3276 82.9200
1740 2403 3276 85.1900
1740 2372 3276 90.4400
1740 2342 3276 93.3600
1740 2315 3276 102.300
1740 2284 3276 107.600
1740 2250 3276 116.200
1740 2204 3195 121.700
1740 2165 3195 129.200
1740 2138 3195 133.200
1740 2096 2880 13800
1740 2065 2880 144.100
1740 2045 2880 146.700
1740 2016 2880 151.600
1740 1983 2880 157.800
1733 1945 2787 166.100
1733 1923 2787 169.400
1733 1894 2787 176.200
1733 1861 2064 182.500
