2393 2821 3194 0.2100
1934 2794 3194 2.2600
1934 2775 3194 3.64900
1934 2763 3194 4.16300
1934 2733 3194 5.25600
1934 2706 3194 6.06700
1934 2684 3194 6.70200
1928 2668 3194 7.99100
1928 2629 3166 9.27700
1928 2601 3166 10.3600
1928 2581 3166 10.9300
1928 2559 3166 11.9300
1928 2533 3166 12.9500
1928 2509 3166 14.1700
1928 2477 3166 15.5300
1928 2451 3166 16.9200
1928 2429 3166 18.4500
1928 2408 3166 19.5600
1928 2381 3136 20.1600
1928 2357 3136 21.9200
1928 2332 3136 22.9500
1928 2312 3136 23.6300
1928 2294 3136 24.6700
1928 2257 2991 27.2900
1928 2227 2991 28.6100
1928 2204 2991 29.5500
1928 2188 2991 30.2800
1928 2166 2991 31.8200
1928 2138 2991 32.9700
1928 2118 2991 33.7800
1928 2086 2418 35.4300
1928 2146 2386 35.8500
1890 2162 2680 37.0100
1890 2162 2442 37.6600
1890 2155 2476 38.1100
1890 2130 2519 39.3300
1890 2095 2670 39.9700
1862 2070 2403 41.0300
1857 2027 2278 41.6300
1857 2023 2265 42.2600
1857 2034 2452 42.9800
1857 2004 2287 44.0800
1844 1975 2368 44.6400
1844 1999 2202 45.400
1844 1973 2226 45.8200
1816 1956 2246 46.4800
1816 1931 2198 47.2700
1816 1929 2189 47.9900
1816 1940 2258 48.5100
1800 1925 2385 48.9400
1800 1906 2148 49.3900
1800 1897 2071 50.3700
1800 1905 2123 50.8800
1800 1907 2126 51.4700
1768 1888 2156 52.1600
1768 1920 2395 52.8300
1768 1919 2138 53.8200
1768 1940 2197 54.3500
1768 1930 2334 55.2800
1768 1923 2212 56.9200
1768 1922 2321 57.800
1768 1943 2417 58.4800
1768 1916 2275 58.9300
1768 1902 2057 59.4600
1768 1902 2260 59.9500
1768 1898 2112 60.6600
1768 1903 2217 61.2800
1763 1875 2179 61.7900
1763 1834 2253 62.1700
1763 1845 2221 62.7200
1758 1845 2236 63.1300
1758 1807 2011 64.0400
1758 1848 2118 64.5600
1757 1838 2247 64.9600
1757 1844 2091 65.3400
1757 1844 2611 65.7300
1757 1830 2188 66.1300
1755 1827 2101 66.7200
1750 1812 2152 67.3300
1750 1828 2253 67.7700
1750 1842 2176 68.2500
1750 1818 2176 69.0900
1750 1809 2226 69.5600
1748 1796 2147 69.9400
1747 1800 2143 70.5900
1747 1801 2042 71.2600
1747 1815 2017 71.8400
1747 1819 2125 72.4400
1742 1805 2113 72.9200
1742 1814 2156 73.3400
1742 1809 2106 73.9600
1742 1808 2075 74.3900
1742 1836 2210 75.6300
1742 1796 2057 76.0200
1742 1815 2164 76.400
1742 1795 2121 76.800
1742 1763 1994 77.4400
1742 1778 1906 77.8400
1742 1771 1914 78.2800
1742 1790 2021 79.0200
1742 1804 2065 79.400
1742 1814 2092 79.7800
1742 1825 2235 80.1700
1742 1793 2213 80.9700
1742 1791 2004 81.4100
1742 1807 2113 81.8100
1742 1797 2021 82.6700
1742 1796 1989 83.0600
1742 1796 2036 83.4400
1742 1820 2151 83.9200
1742 1784 1953 84.3200
1742 1836 2252 84.8700
1742 1824 2252 85.2500
1742 1808 2125 85.6800
1742 1803 2095 86.0600
1742 1771 2005 86.8500
1742 1790 2033 87.3200
1742 1792 2157 87.700
1742 1791 2121 88.0800
1742 1828 2146 88.4900
1742 1835 2290 89.7300
1742 1818 2160 90.6400
1724 1794 2090 91.0300
1724 1796 2159 91.400
1724 1824 2105 91.8500
1724 1792 2078 92.3100
1714 1782 2085 92.8300
1714 1788 2141 93.3100
1714 1793 2043 93.7100
1714 1777 1999 94.0900
1699 1783 2159 94.9700
1683 1789 2176 95.3600
1683 1783 2134 95.7600
1670 1785 2228 96.300
1670 1778 2273 96.6800
1670 1767 2080 97.2200
1670 1775 2111 97.5900
1670 1741 1980 97.9700
1666 1733 1978 98.3600
1666 1754 2099 98.8600
1666 1762 2267 99.2300
1666 1758 2082 99.6100
1666 1731 2043 99.9900
1666 1756 2241 100.400
1666 1771 2102 100.700
1666 1727 2102 101.200
1666 1719 1926 101.800
1666 1727 1989 102.400
1666 1743 2206 102.800
1666 1710 1968 103.200
1666 1737 1974 103.600
1666 1708 1953 103.900
1666 1740 2124 104.300
1666 1737 2109 104.700
1666 1717 1975 105.100
1666 1765 2263 105.500
1666 1750 2263 105.900
1666 1756 2036 106.400
1666 1720 1978 106.700
1666 1735 2193 107.100
1666 1742 2398 107.500
1666 1733 2080 107.900
1666 1762 2126 108.300
1666 1710 1941 108.600
1666 1729 1941 109.100
1666 1705 1962 109.700
1666 1731 1978 110.100
1666 1742 1958 110.700
1666 1748 2108 111.100
1666 1738 2030 111.500
1666 1723 1951 112.100
1666 1730 2009 113.100
1666 1733 2004 113.500
1666 1750 2235 115.100
1666 1742 2050 115.600
1666 1745 2113 116.200
1666 1753 2131 116.700
1666 1722 1961 117.100
1666 1751 2122 117.500
1666 1707 2025 11800
1666 1722 2004 118.400
1666 1741 2148 118.800
1660 1706 1870 119.300
1660 1723 2084 12100
