2386 2851 3468 0.25700
1752 2830 3468 4.77200
1752 2805 3468 8.40100
1752 2781 3468 13.6400
1752 2762 3468 18.0300
1752 2744 3468 21.4800
1752 2723 3468 29.8900
1752 2706 3468 31.9200
1752 2684 3468 37.7100
1752 2658 3468 39.7400
1752 2639 3468 44.6700
1752 2599 3235 50.7100
1752 2573 3235 55.4400
1737 2546 3235 62.8400
1737 2532 3235 66.6600
1737 2510 3235 72.0700
1737 2480 3235 76.6600
1737 2445 3198 80.7900
1737 2421 3198 85.7900
1737 2389 3198 89.5500
1737 2373 3198 92.1200
1737 2350 3198 99.3100
1737 2321 3198 101.500
1737 2304 3198 104.700
1737 2275 3071 109.300
1737 2246 3061 112.100
1737 2222 3061 114.400
1737 2200 3061 117.200
1737 2176 3061 11900
1737 2151 3061 123.300
1737 2123 3061 128.300
1737 2104 3061 132.800
1737 2087 3061 136.700
1737 2060 3061 142.200
1737 2043 3061 144.100
1737 2012 2962 147.400
1705 1981 2839 156.300
1705 1959 2839 162.100
1705 1936 2839 165.900
1705 1915 2558 167.800
1705 1898 2099 172.900
