2515 2849 3363 0.25300
1958 2824 3363 5.35300
1958 2807 3363 6.74800
1958 2786 3363 8.54800
1924 2765 3363 11.5200
1922 2739 3363 15.4800
1725 2718 3363 19.4400
1725 2687 3363 22.800
1725 2666 3363 24.3900
1725 2642 3363 26.1500
1725 2626 3363 28.2600
1725 2611 3363 31.6700
1725 2581 3363 34.7800
1725 2565 3363 37.0200
1725 2545 3363 38.3500
1725 2516 3363 40.6700
1725 2485 3363 42.4200
1725 2454 3363 45.200
1725 2425 3363 48.0500
1725 2400 3363 52.200
1725 2382 3363 56.7500
1725 2363 3363 59.0600
1725 2348 3363 61.400
1725 2333 3363 63.3800
1725 2308 3363 65.6600
1725 2289 3363 71.4100
1725 2269 3363 74.5300
1725 2242 3363 78.0200
1725 2217 3363 81.4900
1725 2199 3363 83.3600
1725 2166 3363 86.1900
1725 2147 3363 87.0900
1725 2113 2870 89.1700
1725 2094 2870 92.6600
1725 2075 2870 95.8600
1725 2052 2758 99.2300
1725 2031 2741 102.200
1725 2009 2741 106.400
1725 1992 2741 110.900
1725 1973 2741 112.600
1725 1953 2235 114.800
1720 2038 2330 115.600
1720 2042 2386 116.600
1720 2071 2439 118.900
1720 2039 2361 120.600
