2432 2857 3472 0.24800
1815 2825 3472 4.43700
1815 2808 3472 7.44300
1815 2784 3472 10.1700
1793 2763 3472 15.300
1758 2729 3472 21.500
1758 2704 3472 27.2800
1737 2685 3472 35.3200
1737 2662 3472 38.3400
1737 2638 3472 41.1200
1737 2609 3472 47.6500
1737 2581 3472 54.2700
1737 2560 3472 58.4400
1737 2535 3472 63.2400
1737 2513 3472 66.3700
1737 2498 3472 70.2100
1737 2476 3472 75.0600
1737 2452 3472 79.1700
1737 2425 3472 85.300
1737 2395 3186 86.6600
1737 2376 3186 89.6200
1737 2363 3186 92.7500
1737 2332 3186 98.600
1737 2308 3186 105.400
1737 2280 3186 109.300
1737 2252 3186 115.500
1737 2220 3043 120.300
1737 2202 3043 123.700
1737 2173 3027 129.300
1737 2147 3027 133.600
1737 2127 3027 13800
1737 2101 3027 141.800
1737 2073 3027 14800
1737 2049 3027 156.500
1696 2018 3027 16700
1696 1992 3027 169.100
1696 1972 3027 173.200
1696 1952 3027 179.900
1696 1933 3027 182.400
1696 1911 3027 185.400
1696 1884 2267 193.800
