2502 2834 3327 0.24600
1806 2808 3327 4.41200
1742 2778 3327 14.5900
1742 2762 3327 16.5900
1742 2732 3327 20.1600
1742 2707 3327 24.800
1742 2675 3327 28.5400
1742 2652 3327 33.800
1742 2615 3259 38.4900
1742 2584 3259 46.5400
1707 2561 3259 55.3800
1707 2535 3259 60.5300
1707 2515 3259 65.7300
1707 2486 3259 71.6400
1707 2459 3259 77.3900
1707 2426 3259 84.0700
1707 2405 3259 94.5900
1707 2383 3259 101.900
1707 2357 3259 10900
1707 2334 3259 11600
1707 2305 3259 121.600
1707 2276 2972 124.500
1707 2247 2972 13300
1707 2222 2972 140.400
1707 2203 2972 147.700
1707 2173 2945 155.800
1707 2145 2928 160.200
1707 2118 2928 165.600
1707 2100 2928 169.800
1707 2077 2928 176.400
1707 2053 2928 181.100
1707 2027 2924 188.600
1707 2002 2924 193.600
1707 1983 2924 199.700
1707 1960 2924 205.600
1707 1937 2924 212.500
1707 1915 2924 221.100
1707 1887 2609 227.600
1705 1864 2552 233.700
1705 1848 2552 23800
1705 1830 2097 245.800
