2300 2789 3321 0.25800
2045 2766 3321 1.58700
1982 2745 3321 3.18600
1982 2724 3321 4.58500
1945 2709 3321 6.14300
1945 2703 3321 6.73500
1945 2681 3321 8.19400
1890 2663 3321 10.1300
1890 2653 3321 10.8900
1890 2635 3321 11.5900
1890 2616 3321 12.6600
1890 2609 3321 13.4600
1890 2590 3321 14.9300
1890 2571 3321 16.3100
1890 2552 3321 17.0500
1890 2531 3321 18.200
1890 2509 3321 20.2900
1890 2486 3321 21.2100
1890 2457 3075 21.9600
1890 2441 3075 24.0500
1890 2431 3075 24.4800
1890 2412 3075 26.300
1890 2400 3075 26.9500
1890 2385 3075 27.8500
1890 2362 3075 29.1500
1890 2343 3075 30.4400
1890 2327 3075 31.8300
1890 2316 3075 32.200
1890 2294 3075 33.1900
1890 2272 3075 34.6600
1890 2264 3075 35.7600
1890 2255 3075 36.2900
1890 2229 3074 37.6400
1890 2214 3074 38.5300
1890 2194 2983 39.4500
1890 2181 2983 40.100
1890 2164 2983 42.0400
1890 2153 2983 43.0800
1890 2135 2983 43.9200
1890 2125 2983 44.9300
1890 2101 2389 45.8900
1890 2186 2606 46.4100
1890 2189 2564 47.4100
1890 2181 2521 48.5200
1890 2202 2640 49.1800
1890 2167 2517 50.8400
1851 2145 2554 52.2500
1851 2108 2385 52.9600
1851 2134 2515 55.200
1851 2057 2370 56.1700
1851 2043 2352 56.9600
1851 2045 2522 57.4600
1851 1990 2266 58.4800
1851 1998 2284 58.9800
1851 1981 2445 59.4600
1851 1979 2375 60.4300
1851 1960 2207 60.9100
1791 1953 2152 61.9100
1791 1954 2276 62.400
1791 1964 2251 62.9700
1791 1942 2180 63.5900
1791 1945 2225 65.1900
1791 1958 2387 66.4200
1791 1965 2228 67.4500
1791 1960 2339 67.9700
1773 1955 2228 68.6600
1773 1932 2305 69.500
1773 1877 2169 70.2700
1773 1873 2304 70.8900
1773 1871 2210 71.4600
1773 1851 2117 72.3300
1773 1836 2124 72.9200
1773 1844 2160 73.400
1762 1852 2170 73.9400
1762 1855 2234 74.4200
1762 1821 2058 7500
1762 1837 2279 75.6300
1757 1806 2041 76.2900
1757 1816 2312 77.2300
1757 1814 2112 77.6800
1757 1816 2252 78.3400
1755 1837 2141 78.900
1755 1824 2079 79.9300
1748 1833 2230 80.500
1748 1812 2154 81.0800
1746 1844 2157 81.5500
1746 1807 2034 82.0300
1746 1843 2081 82.7200
1746 1812 2070 83.4600
1746 1831 2246 83.9200
1746 1787 2088 84.400
1746 1807 2067 85.0600
1746 1808 2102 85.5200
1725 1790 2095 87.4300
1725 1804 2175 88.0200
1725 1806 2171 88.4800
1725 1819 2082 89.4800
1725 1810 2174 90.2700
1720 1814 2218 90.7300
1720 1805 2063 91.3400
1720 1805 2028 92.1300
1720 1797 2008 92.7600
1720 1820 2094 93.2500
1716 1834 2209 94.0800
1716 1843 2183 94.6900
1716 1815 2072 95.4600
1712 1818 2098 9600
1712 1800 2119 96.4600
1712 1816 2174 97.0800
1712 1822 2235 97.5400
1689 1828 2146 98.1400
1689 1819 2108 98.8200
1689 1789 2064 99.3600
1680 1793 2060 100.200
1680 1783 2010 100.700
1680 1772 2137 101.200
1680 1780 2030 102.200
1680 1784 2196 103.100
1680 1758 2014 103.600
1680 1783 2154 104.200
1680 1768 2010 105.400
1672 1754 1942 105.800
1672 1773 2042 106.700
1672 1759 2126 107.500
1670 1770 2089 108.700
1658 1771 2067 109.400
1658 1737 2103 11000
1658 1731 2010 110.500
1658 1718 1849 111.300
1650 1747 2261 11200
1650 1752 2097 112.500
1650 1754 2074 113.100
1631 1747 2172 113.800
1631 1726 1957 114.400
1631 1711 1878 114.900
1631 1733 2038 115.300
1631 1713 2022 11600
1631 1706 1978 116.500
1631 1711 2105 116.900
1628 1677 1873 117.700
1628 1677 2001 118.300
1628 1705 1997 118.700
1625 1711 1984 119.200
1625 1693 1978 119.700
1625 1711 1979 121.400
